---
images/logo.png: 2016-08-17 20:51:43.449397628 -07:00
images/website_profile_pic_med.jpg: 2016-08-17 21:14:52.774584285 -07:00
images/author.jpg: 2016-08-17 21:17:48.558499095 -07:00
